-0.960618,2.24739e-21,-0.277887,0,8.40779e-45,1,8.08741e-21,0,0.277887,7.76891e-21,-0.960618,0,1.38116,-1.03622e-20,1.28127,1|
-0.555702,6.72378e-21,-0.831388,0,8.40779e-45,1,8.08741e-21,0,0.831388,4.49419e-21,-0.555702,0,4.3601,-1.84865e-20,2.28583,1|
-0.948739,2.55627e-21,-0.31608,0,8.40779e-45,1,8.08741e-21,0,0.31608,7.67284e-21,-0.948739,0,6.11763,-3.22939e-20,3.99311,1|
-0.668654,-6.01368e-21,0.743586,0,8.40779e-45,1,8.08741e-21,0,-0.743586,5.40768e-21,-0.668654,0,8.78531,-2.42321e-20,2.99627,1|
-0.363845,-7.53318e-21,0.931471,0,8.40779e-45,1,8.08741e-21,0,-0.931471,2.94257e-21,-0.363845,0,11.0472,-1.39854e-20,1.72927,1|
